001  Martin_Dahlgren moved 4 in 0.0256655216217041 sec.

1     5 5 0 4 4 4

      5 4 4 4 4 4    0

001  P5 moved 3 in 0.025686264038085938 sec.

1     5 5 0 4 4 4

      5 4 0 5 5 5    1

001  P5 moved 4 in 0.015351295471191406 sec.

1     5 5 0 4 5 5

      5 4 0 0 6 6    2

001  Martin_Dahlgren moved 2 in 0.020563602447509766 sec.

2     6 6 1 5 0 5

      5 4 0 0 6 6    2

001  Martin_Dahlgren moved 3 in 0.025633573532104492 sec.

3     7 7 2 0 0 5

      6 4 0 0 6 6    2

001  P5 moved 1 in 0.03070521354675293 sec.

3     7 7 2 0 0 5

      0 5 1 1 7 7    3

001  P5 moved 2 in 0.025511503219604492 sec.

3     7 7 2 0 0 5

      0 0 2 2 8 8    4

001  P5 moved 6 in 0.020596742630004883 sec.

3     0 8 3 1 1 6

      0 0 2 2 8 0    14

001  Martin_Dahlgren moved 1 in 0.02052927017211914 sec.

4     1 9 4 2 2 0

      0 0 2 2 8 0    14

001  Martin_Dahlgren moved 5 in 0.02550339698791504 sec.

7     2 0 4 2 2 0

      1 1 3 3 9 0    14

001  P5 moved 4 in 0.02042675018310547 sec.

7     2 0 4 2 2 0

      1 1 3 0 10 1    15

001  P5 moved 6 in 0.015321493148803711 sec.

7     2 0 4 2 2 0

      1 1 3 0 10 0    16

001  P5 moved 5 in 0.015944242477416992 sec.

7     3 1 5 3 3 1

      2 2 3 0 0 1    17

001  Martin_Dahlgren moved 3 in 0.02062201499938965 sec.

7     4 2 6 0 3 1

      2 2 3 0 0 1    17

001  P5 moved 6 in 0.02054572105407715 sec.

7     4 2 6 0 3 1

      2 2 3 0 0 0    18

001  P5 moved 3 in 0.020546674728393555 sec.

7     4 2 6 0 3 0

      2 2 0 1 1 0    20

001  Martin_Dahlgren moved 5 in 0.025680065155029297 sec.

8     5 0 6 0 3 0

      2 2 0 1 1 0    20

001  Martin_Dahlgren moved 6 in 0.025754690170288086 sec.

9     0 0 6 0 3 0

      3 3 1 2 1 0    20

001  P5 moved 2 in 0.020498991012573242 sec.

9     0 0 6 0 3 0

      3 0 2 3 2 0    20

001  Martin_Dahlgren moved 2 in 0.025483131408691406 sec.

10     0 0 7 1 0 0

       3 0 2 3 2 0    20

001  P5 moved 4 in 0.015398740768432617 sec.

10     0 0 7 1 0 0

       3 0 2 0 3 1    21

001  P5 moved 6 in 0.015332937240600586 sec.

10     0 0 7 1 0 0

       3 0 2 0 3 0    22

001  P5 moved 1 in 0.015398502349853516 sec.

10     0 0 7 0 0 0

       0 1 3 0 3 0    24

001  Martin_Dahlgren moved 4 in 0.015389204025268555 sec.

11     1 1 0 0 0 0

       1 2 4 1 3 0    24

001  P5 moved 3 in 0.015452146530151367 sec.

11     1 1 0 0 0 0

       1 2 0 2 4 1    25

001  P5 moved 6 in 0.02563166618347168 sec.

11     1 1 0 0 0 0

       1 2 0 2 4 0    26

001  P5 moved 4 in 0.02567267417907715 sec.

11     1 1 0 0 0 0

       1 2 0 0 5 0    27

001  Martin_Dahlgren moved 6 in 0.025598764419555664 sec.

12     0 1 0 0 0 0

       1 2 0 0 5 0    27

001  Martin_Dahlgren moved 5 in 0.030832767486572266 sec.

14     0 0 0 0 0 0

       0 2 0 0 5 0    27

000  The game ended correctly. P5: 34 Martin_Dahlgren: 14

000  P5 win!

