001  Martin_Dahlgren moved 4 in 0.020557880401611328 sec.

1     5 5 0 4 4 4

      5 4 4 4 4 4    0

001  P5 moved 3 in 0.020542621612548828 sec.

1     5 5 0 4 4 4

      5 4 0 5 5 5    1

001  P5 moved 4 in 0.02052903175354004 sec.

1     5 5 0 4 5 5

      5 4 0 0 6 6    2

001  Martin_Dahlgren moved 2 in 0.04094862937927246 sec.

2     6 6 1 5 0 5

      5 4 0 0 6 6    2

001  Martin_Dahlgren moved 3 in 0.02043604850769043 sec.

3     7 7 2 0 0 5

      6 4 0 0 6 6    2

001  P5 moved 1 in 0.020493030548095703 sec.

3     7 7 2 0 0 5

      0 5 1 1 7 7    3

001  P5 moved 2 in 0.020539283752441406 sec.

3     7 7 2 0 0 5

      0 0 2 2 8 8    4

001  P5 moved 6 in 0.0204315185546875 sec.

3     0 8 3 1 1 6

      0 0 2 2 8 0    14

001  Martin_Dahlgren moved 1 in 0.025659561157226562 sec.

4     1 9 4 2 2 0

      0 0 2 2 8 0    14

001  Martin_Dahlgren moved 5 in 0.02558135986328125 sec.

7     2 0 4 2 2 0

      1 1 3 3 9 0    14

001  P5 moved 4 in 0.02061009407043457 sec.

7     2 0 4 2 2 0

      1 1 3 0 10 1    15

001  P5 moved 6 in 0.020539522171020508 sec.

7     2 0 4 2 2 0

      1 1 3 0 10 0    16

001  P5 moved 5 in 0.020570993423461914 sec.

7     3 1 5 3 3 1

      2 2 3 0 0 1    17

001  Martin_Dahlgren moved 3 in 0.02055215835571289 sec.

7     4 2 6 0 3 1

      2 2 3 0 0 1    17

001  P5 moved 6 in 0.020488500595092773 sec.

7     4 2 6 0 3 1

      2 2 3 0 0 0    18

001  P5 moved 3 in 0.025652647018432617 sec.

7     4 2 6 0 3 0

      2 2 0 1 1 0    20

001  Martin_Dahlgren moved 5 in 0.030862092971801758 sec.

8     5 0 6 0 3 0

      2 2 0 1 1 0    20

001  Martin_Dahlgren moved 6 in 0.020542144775390625 sec.

9     0 0 6 0 3 0

      3 3 1 2 1 0    20

001  P5 moved 2 in 0.020543336868286133 sec.

9     0 0 6 0 3 0

      3 0 2 3 2 0    20

001  Martin_Dahlgren moved 2 in 0.03071284294128418 sec.

10     0 0 7 1 0 0

       3 0 2 3 2 0    20

001  P5 moved 4 in 0.020521879196166992 sec.

10     0 0 7 1 0 0

       3 0 2 0 3 1    21

001  P5 moved 6 in 0.025742053985595703 sec.

10     0 0 7 1 0 0

       3 0 2 0 3 0    22

001  P5 moved 1 in 0.031028270721435547 sec.

10     0 0 7 0 0 0

       0 1 3 0 3 0    24

001  Martin_Dahlgren moved 4 in 0.025745630264282227 sec.

11     1 1 0 0 0 0

       1 2 4 1 3 0    24

001  P5 moved 3 in 0.025705575942993164 sec.

11     1 1 0 0 0 0

       1 2 0 2 4 1    25

001  P5 moved 6 in 0.025639057159423828 sec.

11     1 1 0 0 0 0

       1 2 0 2 4 0    26

001  P5 moved 4 in 0.020542383193969727 sec.

11     1 1 0 0 0 0

       1 2 0 0 5 0    27

001  Martin_Dahlgren moved 6 in 0.025574684143066406 sec.

12     0 1 0 0 0 0

       1 2 0 0 5 0    27

001  Martin_Dahlgren moved 5 in 0.025688648223876953 sec.

14     0 0 0 0 0 0

       0 2 0 0 5 0    27

000  The game ended correctly. P5: 34 Martin_Dahlgren: 14

000  P5 win!

